0 0.5014204545454546 0.4756944444444444 0.17897727272727273 0.14583333333333334
0 0.7615279257297516 0.22075669964154562 0.04214875806461681 0.04999999867545234
0 0.7286769395524805 0.24424308869573805 0.050826446576551956 0.051515148745642766
0 0.8005853820930843 0.23060512211587694 0.04832985509525336 0.051515148745642766
0 0.7540908686139367 0.18969683349132538 0.03719008239832791 0.03939393825001187
0 0.8439653380350634 0.1692418571975496 0.0285123965956948 0.03787878817982144
0 0.8166941743005406 0.16394110851817661 0.026033057407899338 0.03333333465788099
0 0.7937581715258685 0.18136528796619839 0.03719008239832791 0.04999999867545234
0 0.6811079545454546 0.2637152777777803 0.08380681818181818 0.05590277777777272
0 0.8835227272727273 0.21180555555555555 0.0625 0.0763888888888889
0 0.5852272727272727 0.2621527777777778 0.09090909090909091 0.07291666666666667
0 0.7741477272727273 0.3645833333333333 0.09375 0.08333333333333333
0 0.6685538806698539 0.22605855928526986 0.06198347156698054 0.04848484860526191
0 0.7094630720940504 0.2086361050605774 0.03719008239832791 0.04090909163157145
