0 0.7520965960892764 0.18690594202942318 0.038961036638780075 0.027417027288013034
0 0.017045454545454544 0.4045138888888889 0.03409090909090909 0.059027777777777776
0 0.8489079014821486 0.17319791350099775 0.03659976070577448 0.03174603316518995
0 0.7999114814129743 0.16526109642452663 0.04014167731458491 0.03607503573099772
0 0.8831470757722855 0.18040983710024092 0.03423848748207092 0.02597402532895406
0 0.8967240114103664 0.21359909077485403 0.03541912544857372 0.04617604613304138
0 0.7137261656197634 0.20855237212446 0.04722550240429965 0.041847040255864464
0 0.7698064121333036 0.2164873845047421 0.05785123868422075 0.06060606241226196
0 0.7107724439014088 0.23813372684849632 0.05076741088520397 0.04906205005115933
0 0.6558728353543715 0.23524512516127694 0.04250295053828846 0.05483405457602607
0 0.6045146340673621 0.2576107647683885 0.07438016479665582 0.06204905774858263
0 0.6853883076797832 0.26410497890578377 0.05430933020331643 0.06060606241226196
0 0.32386363636363635 0.8645833333333334 0.38636363636363635 0.2708333333333333
0 0.7551141933961337 0.3826388888888914 0.10568182251669937 0.10277777777777272
0 0.7378026788884943 0.29657233423656887 0.08121282404119318 0.07359307342105442
0 0.43991477272727375 0.5399305555555556 0.20369318181818388 0.1701388888888889
