0 0.395827515558763 0.4396980040603214 0.0570247931913896 0.051515148745642766
0 0.5369318181818182 0.515625 0.07386363636363637 0.0798611111111111
0 0.056818181818181816 0.8454861111111112 0.11363636363636363 0.2048611111111111
0 0.22869318181818182 0.96875 0.23011363636363635 0.0625
0 0.4507105047052562 0.454340277777779 0.05937444513494421 0.0565972222222197
0 0.49190209805965424 0.3874255244930585 0.0359504141590812 0.019696969125005934
0 0.5638478176160298 0.37757716245121425 0.03337745341387559 0.03636363479826185
0 0.5303297313776884 0.39272917144828373 0.033471074971285736 0.0454545451535119
0 0.49314040487462824 0.4215140293041865 0.04586776820096103 0.0454545451535119
0 0.44913335009054706 0.40863752199543846 0.04214875806461681 0.025757574372821383
