0 0.69306450269439 0.17175301743878257 0.038961036638780075 0.02597402532895406
2 0.5115056818181823 0.2388888888888895 0.17642045454545557 0.14722222222222095
0 0.6139613904736259 0.21504169536961448 0.03659976070577448 0.043290042214923434
0 0.6918829652396116 0.2099938756889767 0.04368358850479126 0.0476190447807312
0 0.7709983817555688 0.1623898728026284 0.02778666940602389 0.032726522949006825
0 0.7472542808814482 0.17659271591239506 0.022734547203237362 0.027786668803956773
0 0.6502512883056294 0.18739820354514652 0.046984732151031494 0.03581393096182081
0 0.7255294702269814 0.18832581904199389 0.03587006438862194 0.042606227927737765
0 0.7500322434035215 0.21549394064479405 0.045469094406474724 0.04507615168889364
0 0.10085227272727272 0.6805555555555556 0.20170454545454544 0.2152777777777778
0 0.19318181818181818 0.3888888888888889 0.11363636363636363 0.125
0 0.5761804499409415 0.27204298310809666 0.07438016479665582 0.07359307342105442
0 0.6423316213217654 0.23236101534631518 0.06250415173443778 0.05194805065790812
