0 0.9607960094105114 0.4352430555555568 0.07840798117897728 0.07534722222222474
0 0.8796030012044039 0.41706255740589565 0.11688311533494429 0.08658008442984687
0 0.8650568181818182 0.7239583333333334 0.26988636363636365 0.1840277777777778
0 0.7400568181818182 0.4835069444444444 0.15625 0.08159722222222222
0 0.4714488636363657 0.4630208333333346 0.1360795454545496 0.05104166666666919
0 0.5012110796841708 0.515908247894711 0.16292797435413708 0.08802309301164415
0 0.011363636363636364 0.3472222222222222 0.022727272727272728 0.06944444444444445
0 0.695424264127558 0.4379870957798428 0.14285713976079767 0.09379510084788005
0 0.18607954545454544 0.8402777777777778 0.36079545454545453 0.2638888888888889
0 0.5642045454545465 0.6006944444444444 0.21249999999999794 0.13194444444444445
