0 0.5466632517901334 0.43943040238486397 0.09799291870810768 0.07647907733917236
0 0.35894188013943756 0.47189775440427995 0.08618653904307973 0.0894660817252265
0 0.24005681818181818 0.2690972222222222 0.019886363636363636 0.017361111111111112
0 0.16477272727272727 0.3194444444444444 0.028409090909090908 0.034722222222222224
0 0.2822002985260703 0.4134557578298781 0.0720188942822543 0.06493506166670057
0 0.24737285754897378 0.378824296924803 0.04250295053828846 0.0533910526169671
0 0.21726461838592181 0.3579012602567673 0.03423848748207092 0.043290042214923434
0 0.11219072477384047 0.26987720363669926 0.027154665101658215 0.02597402532895406
0 0.24815340800719035 0.4934034559461793 0.09346590692346333 0.11736111111110858
0 0.45553977272727375 0.4513888888888889 0.09857954545454752 0.1111111111111111
