4 0.4994318181818187 0.6689229329427064 0.018181818181817147 0.06493055555555177
0 0.2960343306714838 0.6343936820824941 0.05330578847364946 0.05909091234207153
0 0.24520636959509415 0.6200003574291865 0.050826446576551956 0.0454545451535119
0 0.2197927927429026 0.5957575009928809 0.032231404022736984 0.03636363479826185
0 0.2755794308402322 0.5912115540769365 0.04462809996171431 0.04848484860526191
0 0.32082564857873047 0.5684872402085198 0.03842975063757463 0.04242424170176188
0 0.2823976115746932 0.5449991855356429 0.05826446143063632 0.04999999867545234
0 0.19517045346173426 0.6539937337239571 0.06874999783255734 0.06006944444444192
4 0.515625 0.9513888888888888 0.019886363636363636 0.04861111111111111
4 0.640625 0.9114583333333334 0.019886363636363636 0.059027777777777776
4 0.578125 0.6909722222222222 0.014204545454545454 0.05555555555555555
4 0.5514053214680065 0.8427268299791548 0.02355371822010387 0.08787879016664293
4 0.6458806818181828 0.7951388888888888 0.024715909090911158 0.09722222222222222
4 0.5909090909090909 0.7796875000000006 0.036931818181818184 0.0802083333333346
4 0.5507102272727283 0.7140625000000019 0.033238636363638434 0.09479166666667045
0 0.3806818181818182 0.6024305555555556 0.03977272727272727 0.04513888888888889
0 0.2883522727272727 0.7534722222222222 0.08238636363636363 0.10416666666666667
0 0.14975197477774185 0.6313651038540734 0.040909089825370094 0.06212121248245239
