0 0.42210580814968457 0.3831547995408376 0.06847697496414185 0.05916306045320299
0 0.5437147563154047 0.37521688143412274 0.09681228074160489 0.07215007146199544
0 0.43450448458844965 0.3095598767201106 0.04132231257178567 0.03318903512424893
0 0.2579994960264726 0.388925615284178 0.05667060071771795 0.0533910526169671
0 0.30522316152399237 0.4177866578102112 0.06375442851673473 0.07647907733917236
0 0.22869318181818182 0.2743055555555556 0.019886363636363636 0.020833333333333332
0 0.2713068181818182 0.2760416666666667 0.019886363636363636 0.017361111111111112
0 0.9346590909090909 0.4826388888888889 0.13068181818181818 0.08333333333333333
0 0.2599431818181818 0.5104166666666666 0.07670454545454546 0.09722222222222222
0 0.4620727549899703 0.32690972222222414 0.040056820349258775 0.04062499999999621
0 0.6116477272727278 0.4598971896701364 0.10624999999999897 0.08715277777777272
0 0.39204545454545453 0.4763888888888914 0.11363636363636363 0.10277777777777272
0 0.5118371085687117 0.4112924469841851 0.08736717700958252 0.07792207929823133
0 0.21726461838592181 0.3564567615588506 0.03423848748207092 0.043290042214923434
2 0.36321022510528617 0.3354170057508681 0.08664772293784298 0.08611043294270833
