0 0.29829545454545453 0.2881944444444444 0.03409090909090909 0.027777777777777776
0 0.23821078213778304 0.48489583333333525 0.07471590909090703 0.10659722222221843
0 0.5750000000000015 0.4357638888888889 0.11022727272727582 0.09375
0 0.4596590909090914 0.45156114366319383 0.10340909090908988 0.09687499999999874
0 0.2664769952947459 0.38003472222222473 0.056818736683241736 0.08020833333332827
0 0.15937500000000104 0.3010416666666692 0.027840909090907025 0.029861111111106058
0 0.21448863636363635 0.3020833333333333 0.03125 0.027777777777777776
0 0.33322193947705353 0.45681873626179165 0.08057851141149347 0.07727272642983331
0 0.3623553324829448 0.3916687634256151 0.0719008283181624 0.06818181938595241
0 0.2185536270791834 0.3484860195053948 0.04214875806461681 0.04242424170176188
0 0.29169548641551624 0.3492435961961746 0.04462809996171431 0.04393939508332147
0 0.13301603496074677 0.2818180587556627 0.024793389168652622 0.027272727754380967
