0 0.7299721457741477 0.41458265516492865 0.09971479936079546 0.10833333333332955
0 0.3644886363636369 0.8541666666666666 0.33125000000000104 0.2916666666666667
0 0.6945867375894026 0.24954667687416077 0.05454545671289617 0.05909091234207153
0 0.7602887112985958 0.20333424541685316 0.03719008239832791 0.04242424170176188
0 0.728057557886297 0.2199991246064504 0.04710743644020774 0.04848484860526191
0 0.5656597533009269 0.26090914011001587 0.07685950127514926 0.06969696945614284
0 0.6288838034326379 0.2260596685939365 0.06198347156698054 0.04242424170176188
0 0.6276441839608279 0.28439608547422623 0.07438016479665582 0.06818181938595241
0 0.6493392532522028 0.3575776053799523 0.09793387759815562 0.09393939044740465
0 0.03409090909090909 0.9704861111111112 0.06818181818181818 0.059027777777777776
